Timestamp,Meter,Reading,Unit,Quality
2026-08-01T00:00:00+07:00,EL-AB2-MAIN,1000.0,kWh,GOOD
2026-08-01T01:00:00+07:00,EL-AB2-MAIN,1012.0,kWh,GOOD
2026-08-01T02:00:00+07:00,EL-AB2-MAIN,1025.0,kWh,GOOD
2026-08-01T03:00:00+07:00,EL-AB2-MAIN,1039.0,kWh,GOOD
